Template: NONE
DangerType: None
Clouds: 1
Grime: 0
BkgDroneVolume: 0
RandomItemDensity: 0.1056048
RandomItemSpearChance: 0.02020197
Palette: 23
Effects: ZeroG-1-20-20, ZeroGSpecks-0.0448965-20.3414-78.36329, Bloom-0.3073958-279.7219-23.06328, 
PlacedObjects: SSLightRod><2767.907><177.415><-26.61761~-313.5406~0.5096223~45~473.385~0.3040082, LightSource><1926.731><155.4172><0.802802~Environment~-35.54926~239.1617~-21.23584~-291.9537~0~0~Flash~0.8003908~0, SuperStructureFuses><1470.645><571.8037><498.5297~80.60083, LightSource><2508.558><116.2118><0.6056048~Environment~118.1719~233.2477~-217.0203~-171.4732~0~0~None~0~0, LightFixture><3117.586><156.6209><RedLight~-4.318115~35.56305~100, LightFixture><144.3379><266.8671><RedLight~-133.2959~88.57022~100, LightSource><2759.307><578.4029><0.750603~Environment~81.70697~-128.6265~-169.3072~-32.92267~0~0~None~0~0, DeepProcessing><1024.756><226.9614><-4~246~1431.591~248.2648~1429.924~-4.268768~-205.6547~-93.85239~0.7427819~1~0.2065217, LightFixture><1486.933><350.8771><DeepProcessing~-82.98254~56.93982~90, SuperStructureFuses><2708.859><531.1002><44.80231~145.6516, SuperStructureFuses><590.2118><51.00613><43.2016~118.9719, SuperStructureFuses><2811.686><10.18803><224.0898~84.28828, SuperStructureFuses><89.77708><572.3911><224.0898~81.62024, SuperStructureFuses><1249.359><48.92247><1105.053~84.82185, LightSource><2490.006><560.9735><1~Environment~69.36719~-116.639~-212.5281~12.96655~0~0~None~0~0, LightFixture><2040.178><352.575><DeepProcessing~-72.85681~49.22894~90, LightSource><1777.352><576.1791><0.489606~Environment~-52.29218~-200.9468~161.5211~-61.73639~0~0~None~0~0, LightSource><1246.321><525.6158><0.5882047~Environment~-74.16946~-176.9352~-71.65936~40.7135~0~0~None~0~0, LightSource><360.1983><58.56581><0.4200068~Environment~42.15393~206.1852~-171.4414~-102.8232~0~0~None~0~0, LightSource><847.4571><590.3798><0.7854031~Environment~-62.43048~-189.7415~-177.8445~-101.2224~0~0~None~0~0, LightSource><477.7679><528.7958><0.6810037~Environment~-58.69528~-141.718~-88.20078~33.24316~0~0~Fade~0.8003911~0, LightSource><1120.74><71.55788><0.8608021~Environment~29.34772~196.0468~-78.0625~-199.4037~0~0~None~0~0, DeepProcessing><428.2807><236.6738><-270.532~311.5992~515.9656~335.6109~514.8986~-112.0547~-228.9117~-95.51334~0.7365921~1~0.2042035, LightSource><652.1695><100.9884><1~Environment~43.75476~154.4266~-179.4454~-247.1607~0~0~None~0~0, DeepProcessing><2546.045><158.0515><200.0977~373.4962~657.9016~458.8711~308.9313~-4.268738~-200.6312~-95.51324~0.6727925~1~0.2042037, 
AmbientSounds: OMNI><AM_IND-SuperStructure.ogg><433.6498><587.8552><0.4021739><0.8812927, OMNI><SO_SFX-Drowning.ogg><603.8232><587.199><0.4035923><0.9269207, OMNI><mech multiactive highpass.wav><773.622><587.6473><0.2054098><1, SPOT><am_win-strongwnd2.ogg><780.3074><474.8878><0.3086024><1><3252.036><347.1137><-239.7219><-40.69131><0><0.4015981, SPOT><am_ind-deephum.ogg><781.5195><364.7264><0.4014017><1><3081.965><365.5482><-161.2834><-116.4616><0><0.3029978, SPOT><so_sfx-datatrans2.ogg><780.8586><253.0892><0.2622024><0.8434018><1851.66><355.1673><-346.9741><-75.37491><0><0.6045943, SPOT><so_sfx-datastream.ogg><781.6421><140.0561><0.5012068><1.240118><1909.774><270.9483><-81.77802><-39.09048><0><0.1869985, SPOT><so_sfx-datastream.ogg><610.4563><140.0666><0.6043987><0.6763631><1244.536><410.8869><-75.90851><-52.43042><0><0.2043988, SPOT><so_sfx-data3.ogg><440.045><140.5299><0.3898004><0.8225218><2686.811><607.7128><-93.51703><63.35944><0><0.1463995, SPOT><so_sfx-data4.ogg><440.1446><253.1718><0.4420007><1.000001><613.6422><111.9311><-34.28815><-99.38657><0><0.1811994, SPOT><so_sfx-datatrans.ogg><610.5927><253.1649><0.4072><0.4571267><505.613><491.9696><-58.29977><-44.96002><0><0.2623981, 
FadePalette: 17, 0.4001956, 0.243512, 0.1644617
