Template: NONE
DangerType: None
Clouds: 0
Grime: 0
BkgDroneVolume: 0
RandomItemDensity: 0.1056051
RandomItemSpearChance: 0.0550013
Palette: 25
Effects: ZeroG-1-20-20, ZeroGSpecks-0.1043988-20.92889-70.01952, Darkness-0.1855983-275.9867-21.99609, SunBlock-1-277.0539-75.35547, ProjectedScanLines-0.1068107-19.86172-126.0469, SSSwarmers-0.02319999-276.5203-128.7148, 
PlacedObjects: ExitSymbolHidden><148.559><170.2709><, SuperStructureFuses><2469.95><30.63741><382.5672~84.82187, ZapCoil><2206.702><208.1375><44.80237~64.54529, ZapCoil><2206.712><507.5545><44.26874~65.61249, SuperStructureFuses><3010.694><349.8194><101.8969~101.8969, ZapCoil><1467.069><210.6331><43.2016~62.41095, ZapCoil><1468.951><508.8586><42.66797~64.01172, ZapCoil><729.2266><509.3292><42.66797~64.54535, ZapCoil><728.5933><208.2517><41.06726~61.34375, SuperStructureFuses><308.795><30.1851><83.22107~121.6398, SuperStructureFuses><428.9644><30.43716><84.8219~122.1734, SuperStructureFuses><169.0953><610.4636><122.707~61.87726, LightningMachine><2275.412><379.634><82.01892~54.42661~0~0~-44.13046~83.93457~-44.50623~-64.03125~0.4073984~0~0~0.5012061~1~0.06800245~1~0.6462044~0~0.2854024~0~0~1, LightFixture><2234.111><388.8232><ZapCoilLight~123.5056~-31.34375~30, WallMycelia><2671.628><185.8329><-3.201538~154.9602, WallMycelia><2871.286><560.9926><-82.70709~-83.55627, LightFixture><2937.367><462.7513><RedLight~-29.63562~34.28827~27, LightFixture><1491.389><387.0381><ZapCoilLight~55.73926~-47.35153~30, LightningMachine><1511.616><387.1976><36.66016~25.61246~0~0~-21.71948~76.46429~-21.02814~-69.36722~0.2043988~0~0~0.502998~1~0.08540212~1~0.6578037~0~0.285403~0~0~1, LightFixture><749.5547><391.6743><ZapCoilLight~47.20142~-68.1618~30, LightningMachine><776.0527><390.9254><17.98438~4.268799~0~0~-25.45471~71.66193~-23.69611~-73.10229~0.604593~0~0~0.5029977~1~0.04480246~1~0.6636047~0~0.2857507~0~0~1, WallMycelia><407.769><220.2536><-5.335938~125.6125, LightSource><125.3781><316.0778><1~Environment~-155.2758~-36.60004~-280.8282~9.765015~0~0~None~0~0, LightSource><360.9658><595.8232><0.6404048~Environment~-14.40698~-201.4805~24.9212~-66.00537~0~0~None~0~0, LightFixture><160.7206><74.46648><RedLight~-300.7013~18.28047~99, LightSource><1286.085><153.0379><1~Environment~-126.4617~110.1382~-233.8718~172.511~0~0~None~0~0, LightSource><1734.344><643.1718><0.727403~Environment~-232.6468~-14.18909~-682.0906~-208.4748~0~0~None~0~0, ARKillRect><744.529><290.5863><11.71954~206.4813, ARKillRect><1486.904><287.9645><6.917175~207.0149, ARKillRect><2227.678><288.0163><7.984375~207.5485, 
AmbientSounds: OMNI><AM_IND-SuperStructure.ogg><427.8036><586.7189><0.326002><0.9060406, OMNI><SO_SFX-Drowning.ogg><597.2949><586.7914><0.5><0.9269207, SPOT><AM_IND-DeepHum.ogg><257.3563><471.4413><0.424601><1><2231.889><386.2202><-0.6717529><-179.4257><0><0.2333981, SPOT><AM_IND-ElectricHum03.ogg><257.2819><358.7579><0.4014013><1.052199><2232.348><386.6587><46.81815><-197.5679><0><0.2043991, SPOT><AM_IND-DeepHum.ogg><427.8581><471.0107><0.424601><1><1490.311><382.588><0.3954468><-181.56><0><0.2333984, SPOT><AM_IND-ElectricHum01.ogg><427.6853><358.966><0.4072013><1.031319><1490.672><382.0645><28.6759><-198.635><0><0.2043991, SPOT><AM_IND-DeepHum.ogg><597.5542><471.013><0.424601><1><752.0619><393.4006><0.3954468><-188.4967><0><0.2391988, SPOT><AM_IND-ElectricHum03.ogg><597.5635><358.3058><0.4072013><1.073079><752.0714><393.2816><23.33997><-213.0421><0><0.2043988, SPOT><SO_SFX-DataStream.ogg><257.9043><247.8084><0.453601><1><2617.692><75.61157><0.3953247><191.422><0><0.2623981, SPOT><SO_SFX-DataTrans2.ogg><427.5789><247.451><0.2854024><0.9478018><407.0679><86.59796><-114.3272><99.11028><0><0.4015972, SPOT><am_ind-midsex01.ogg><597.8068><247.0915><0.2506024><0.4466867><46.37012><376.5135><524.9181><-3.873291><0><0.4015967, 
FadePalette: 23, 0.7042035, 0.3537959, 0
