Template: NONE
DangerType: None
Clouds: 0
Grime: 0
BkgDroneVolume: 0
RandomItemDensity: 0.1056051
RandomItemSpearChance: 0.0550013
Palette: 23
Effects: ZeroG-1-20-20, ZeroGSpecks-0.1043988-20.92889-70.01952, Bloom-0.4026071-270.1172-20.39531, SSSwarmers-0.01739999-270.6508-70.01952, SunBlock-1-19.86172-119.1102, ProjectedScanLines-0.2054092-269.05-119.1101, 
PlacedObjects: ZapCoil><1307.087><190.1431><45.86957~223.0227, ZapCoil><1506.519><186.5179><46.93671~225.6906, ZapCoil><548.0537><307.6486><44.26874~106.1656, ZapCoil><430.8415><308.5108><41.60077~104.5648, LightFixture><470.9125><356.5123><ZapCoilLight~-185.4451~242.9235~20, SuperStructureFuses><148.5648><489.758><122.707~162.7266, SuperStructureFuses><448.9031><-30.02122><125.375~66.14609, SuperStructureFuses><770.1841><-31.34233><126.4422~66.1461, ZapCoil><746.7039><311.1048><48.00403~102.9642, LightFixture><1432.331><308.4478><ZapCoilLight~-109.6749~103.1219~30, SteamPipe><1598.686><335.4331><0.5336304~39.17035, SteamPipe><1639.314><385.6265><1.067139~48.24146, SteamPipe><1684.52><336.9941><-0.5335693~45.57339, LightningMachine><1195.278><306.5017><257.568~-554.9376~0~0~-16.38361~58.85565~-17.82657~-63.49762~0.2043988~0~0~0.5029977~1~0.06800278~1~0.6578037~0~0.2054095~0~0~1, LightningMachine><1103.812><306.7258><95.35553~-554.9374~0~0~-21.18591~58.85559~-24.22968~-60.29614~0.2043988~0~0~0.5087973~1~0.06800295~1~0.6694034~0~0.2054092~0~0~1, ZapCoil><867.9882><307.6615><44.26868~106.6992, SuperStructureFuses><1869.368><470.8125><105.6321~167.5289, LightFixture><781.2491><414.7437><ZapCoilLight~-240.4052~168.2203~30, SteamPipe><631.7408><222.7623><0~71.71954, SteamPipe><708.5785><224.8981><-0.5336304~64.24921, LightSource><1926.364><356.2119><0.6868034~Environment~-12.80627~196.0469~5.711792~-133.7717~0~0~None~0~0, LightSource><1630.996><88.00174><1~Environment~3.735107~151.225~299.1882~242.4119~0~0~None~0~0, LightSource><1262.355><670.0936><0.4896068~Environment~0~-208.951~89.48602~-93.75214~0~0~None~0~0, DeepProcessing><265.6563><168.5983><-1.6008~291.8563~1053.828~293.457~1054.895~-1.067184~20.2764~344.7016~0.6669915~1~0.3202024, LightSource><1009.797><51.20906><0.6056044~Environment~-1.600784~223.2601~104.9602~-68.67325~0~0~None~0~0, LightSource><115.8967><174.37><0.6462044~Environment~145.1375~45.03983~-33.2406~-211.6764~0~0~None~0~0, LightSource><324.4479><503.8049><0.7564027~Environment~-146.7383~-151.8563~-441.4399~29.508~0~0~None~0~0, WallMycelia><1081.557><74.77148><-1.0672~72.78671, WallMycelia><1162.635><627.6069><1.0672~-102.2321, WallMycelia><1739.212><76.77467><0~100, WallMycelia><491.6669><76.22827><0~108.5375, 
AmbientSounds: OMNI><am_ind-superstructure.ogg><426.399><586.0092><0.4026065><0.8851618, SPOT><am_ind-electrichum01.ogg><426.9337><476.3669><0.5012061><1.031318><1427.423><294.0317><-154.3468><-160.7499><0><0.2043988, OMNI><so_sfx-drowning.ogg><596.7173><586.5406><0.4072013><0.9269218, SPOT><am_ind-electrichum03.ogg><596.2526><476.8221><0.3086024><1.093959><1747.749><231.5228><-73.77411><-76.97565><0><0.1, SPOT><am_ind-deephum.ogg><256.0819><476.6272><0.6056044><1><1427.854><294.292><-131.4022><-180.4928><0><0.2043988, SPOT><am_ind-electrichum01.ogg><427.1298><364.793><0.4072011><1><509.468><350.0062><-108.4576><-94.05063><0><0.2043984, SPOT><am_ind-electrichum02.ogg><597.6909><364.4568><0.4072013><1.04176><831.0362><349.1365><-99.3866><-103.6554><0><0.2043988, OMNI><mech multiactive highpass.wav><766.9547><586.4775><0.2042031><1, SPOT><so_sfx-datastream.ogg><428.2755><254.9233><0.4026071><0.7807618><1939.414><546.9531><-107.924><-92.98346><0><0.2043988, SPOT><am_ind-deephum.ogg><257.326><364.5699><0.5><1><673.1602><399.9409><-92.98352><-181.0264><0><0.2043988, 
FadePalette: 10, 0.3015959, 0.3073966
